4	0.969949	-14.140404
5	4.615089	9.905209
0	-11.122560	13.433948
2	26.946920	6.115022
3	-1.982286	2.047210
1	-3.618008	9.322941
6	-2.955196	15.575715
1	-8.863631	13.954847
1	-6.588371	14.442404
6	-11.268447	11.123778
4	-6.861174	-17.488714
1	-7.930776	8.647951
5	10.116541	11.099806
0	-7.140495	7.773630
1	-8.241985	7.296987
3	-1.116765	0.214899
5	9.249973	6.186595
0	-1.596069	18.603822
5	7.032272	10.296697
0	-9.556259	9.283568
1	-4.292429	10.822749
0	-6.774178	10.370213
2	27.435874	14.292589
6	-12.301478	9.922584
2	33.685633	6.917591
2	23.289058	8.478145
0	-9.334292	16.945520
3	1.932826	1.674892
4	-5.181694	-20.748773
4	-3.808432	-17.688115
3	-1.460703	-1.547326
5	4.417644	8.830820
4	4.135503	-9.547084
6	-10.695053	18.435199
6	-9.375623	11.039976
5	5.547907	4.028939
2	22.988620	13.386989
2	20.944229	12.008573
0	-11.146813	12.211320
6	-7.844804	7.902959
3	6.682066	6.111889
2	22.024330	12.129547
3	5.285180	6.833934
6	-5.806819	15.973800
4	-4.671490	-13.855330
0	-2.146196	12.753650
0	-4.447736	11.498122
1	-8.132726	9.366663
0	-4.789095	14.625356
6	-13.273470	11.720720
4	2.526677	-13.666221
4	-3.967404	-13.559804
0	-7.628280	14.985630
0	-6.014155	14.984808
2	25.371230	14.993747
4	-4.254141	-19.031299
4	-3.330139	-20.213617
5	2.775465	3.432388
4	-0.389001	-14.241924
2	21.107228	13.563475
3	8.237245	0.012949
4	-3.636842	-12.797543
0	-7.525633	8.925037
5	4.322297	8.906610
4	-5.465727	-15.095204
0	-11.100574	11.847021
6	-9.501133	11.932520
3	4.028093	9.185629
2	28.087952	7.594135
0	-2.684207	8.345732
3	0.491971	7.721198
1	-8.526499	8.064394
5	8.813088	8.606103
2	27.826918	13.070710
2	26.289253	11.870404
1	-0.339729	8.358031
0	-1.543701	17.341356
5	9.714310	10.102925
2	25.415136	10.124122
4	-3.550012	-18.389983
6	-14.386026	9.038001
2	24.393971	9.480683
2	24.516581	6.459167
5	9.694813	5.808162
0	-12.265126	8.314837
5	4.584307	10.011919
5	10.418029	7.802095
2	23.283796	13.820146
0	-3.136347	11.472513
1	0.665333	5.585938
1	-5.573940	9.011698
2	27.866730	6.666785
1	-12.280079	12.717216
4	-2.898374	-11.392560
4	4.115394	-11.695699
5	4.705175	9.910303
5	0.206084	8.592754
5	4.914879	17.908099
6	-12.796283	14.467251
4	-1.758178	-13.356236
2	23.755194	9.004224
0	-6.862386	14.290467
3	-1.119966	2.878755
6	-7.285240	8.188191
2	23.840306	11.674327
4	-4.573468	-18.567946
0	-4.621443	9.865195
6	-7.391215	7.549604
2	22.243578	13.845005
0	-7.137367	13.729949
0	-9.953386	13.827835
5	11.160059	9.298645
4	5.608835	-10.490004
1	-10.244132	11.751403
4	-1.185482	-13.206781
6	-10.920686	16.271819
6	-8.785420	13.742661
1	-9.186075	10.822671
3	0.895684	7.312011
3	1.373364	2.264333
2	22.840447	6.898605
4	2.787519	-15.299746
6	-6.342432	14.228816
1	0.230845	10.537690
6	-10.748192	15.728369
4	6.687228	-14.155862
1	-5.543118	11.835091
3	4.876582	5.665571
0	-4.728914	10.921101
1	-8.692996	15.103764
3	-4.491123	8.942551
0	-7.544809	17.306882
1	-3.626022	10.107007
6	-15.808302	16.733637
6	-9.435433	12.412889
6	-10.801741	11.963570
2	22.237586	7.004358
6	-7.896921	18.466774
3	7.123859	9.068448
3	-1.163270	5.788231
2	24.100446	5.789654
1	-7.309837	8.044859
4	-1.812173	-14.378206
1	-10.920281	10.147605
4	-3.570462	-14.771822
6	-12.085958	16.337931
2	27.880567	11.381191
0	-9.469517	13.285637
3	7.232761	1.677918
4	0.126754	-18.804709
4	-0.581536	-10.140538
5	14.011768	15.924281
5	6.180942	7.652732
5	8.804354	7.524808
1	-5.019038	16.023001
3	4.285447	5.881281
0	-4.502345	10.843347
6	-11.786243	9.698783
5	4.675355	10.000724
1	-4.988181	14.550373
4	2.044249	-20.521778
5	12.728341	5.743919
2	19.366311	9.625501
4	0.506818	-15.726566
2	22.495990	11.561205
2	31.220310	14.240867
5	9.427119	8.236894
0	-9.820656	16.297437
4	0.391852	-10.909773
2	23.646210	9.979264
6	-6.530619	16.083510
1	3.478263	10.524021
3	-4.107525	5.706272
2	27.319030	10.270425
5	13.668733	4.457206
0	-7.430325	8.333522
3	1.161258	8.553982
3	2.465772	6.757294
5	6.941573	5.013370
5	3.273376	10.143890
1	-6.742166	6.044684
2	24.853925	10.553985
1	-10.532734	10.797023
4	5.416312	-9.506889
4	-3.577360	-18.005667
4	-1.836249	-10.265832
2	30.180127	8.938690
6	-1.423345	13.844854
0	-6.703767	12.336915
4	-4.836372	-15.122333
5	4.355655	11.179713
2	28.590700	7.334633
3	1.443835	10.697179
5	10.117040	0.508313
2	24.539156	7.401446
2	22.275457	11.913033
6	-12.321176	13.938851
3	5.090494	6.051071
0	-2.125255	15.041131
6	-10.956277	15.464877
6	-8.735223	11.651062
2	22.403601	8.960785
5	9.663947	5.673770
6	-14.611728	8.228494
3	1.693367	6.174060
2	29.247343	12.509181
4	-7.709509	-19.800874
0	-2.495469	12.557269
6	-6.932491	16.060967
1	-9.575605	10.374062
2	17.987932	11.510396
6	-8.377064	8.654679
5	5.866448	4.761193
2	24.558115	8.472028
2	31.023453	10.768736
3	8.804869	11.950103
0	-7.139467	6.545655
6	-10.174852	6.055953
0	-3.944876	18.340749
1	-6.687956	11.089554
5	11.085807	3.895573
6	-11.734653	14.150748
5	5.731772	8.901198
5	5.943203	7.982944
1	-4.181010	9.106924
3	4.713538	3.830342
2	21.188687	15.613057
3	10.521396	1.880004
2	26.230682	10.801074
5	6.624741	8.467716
5	5.921413	11.870914
4	-1.078651	-15.425563
5	7.171560	8.435745
4	-3.607707	-19.497266
4	-0.258958	-18.431800
6	-11.282436	11.955284
5	8.279351	8.799921
1	-8.321308	10.544326
3	1.707385	-1.597521
2	30.828061	11.394815
3	1.285385	6.070159
4	-0.410637	-16.994176
6	-9.973199	13.491820
3	-0.343495	1.632647
3	1.241840	2.208372
2	23.701534	15.883488
0	-10.678482	12.220659
4	-3.048212	-13.843513
4	-2.306202	-12.089489
0	-11.218013	13.599054
3	0.676691	2.277810
5	10.743500	5.533246
3	0.042935	4.016946
4	0.965060	-18.080167
6	-10.590154	11.555701
3	3.513979	5.675531
5	8.876364	4.738225
2	21.854382	10.373643
5	5.009072	2.567945
3	4.462422	3.353003
3	6.201453	6.242077
1	-8.354320	11.483848
1	-6.870964	7.556859
4	-7.629306	-15.059116
2	26.450558	15.979965
1	-9.378939	9.544246
1	-5.492810	12.842222
0	-11.902771	9.510219
6	-7.068223	11.920451
2	21.904562	11.983207
2	23.955629	9.779575
5	2.057769	8.690822
0	-8.786834	8.350098
6	-4.954153	5.931019
2	24.513885	13.014844
3	0.837026	6.308478
2	23.485596	15.821113
5	3.902404	7.043878
2	25.062329	9.709007
0	-6.764600	11.691555
3	2.200314	0.273450
5	3.265291	12.063048
4	1.077478	-14.102566
2	23.737086	9.455003
4	1.959861	-12.805387
1	-1.201158	10.698783
6	-11.703109	9.649946
6	-9.358822	9.162351
2	26.953060	12.247122
3	2.845368	3.835220
2	26.158525	9.938862
3	3.317054	0.100189
0	-8.677524	11.412619
0	0.549421	14.602000
3	5.354509	3.213590
2	25.282799	7.785867
4	-3.274185	-14.692439
2	26.572275	10.413976
2	25.490249	6.780556
5	5.976839	6.503960
0	-7.369149	11.698186
2	19.961666	8.037581
2	25.364814	16.394829
5	11.585576	10.129331
0	-4.238735	16.296162
0	-4.556038	13.720777
3	4.226370	4.665110
3	2.565968	0.541599
4	-7.729691	-12.710615
2	28.269816	9.305817
4	-1.104525	-22.647626
6	-6.081422	15.935691
3	-0.393725	5.288781
1	-6.173722	3.522927
5	10.560002	8.729673
2	24.653402	11.775745
6	-9.657635	15.486907
5	10.169050	11.353314
0	-6.343946	10.751501
0	-12.502032	13.017356
4	-2.465331	-15.731401
0	-5.283342	9.619550
2	23.620392	12.910418
5	6.162325	13.133368
5	9.955842	4.797226
6	-7.470202	15.386739
1	-4.878888	9.070055
3	3.075347	6.608006
0	-5.728335	16.695507
3	0.265263	8.647628
4	2.132078	-14.342734
4	0.530769	-19.348286
0	-8.828651	6.520636
2	25.142235	7.571460
5	4.083278	9.866609
3	9.760104	3.499570
6	-5.848936	11.323000
2	24.008968	13.627374
6	-12.001900	9.241507
0	-8.618616	18.842916
0	-8.315512	15.857291
3	8.331406	2.677127
5	6.093111	4.697718
2	28.876701	10.675304
6	-6.123999	11.868515
5	4.199531	7.276414
3	-0.283016	4.817182
1	-11.163969	8.013750
2	25.611380	13.121037
2	26.080199	6.815605
2	17.375995	11.331106
6	-6.043112	11.682205
1	-10.941923	14.311604
3	-2.434924	6.182508
3	4.605253	3.921950
4	2.224461	-20.104360
3	4.468350	4.971877
3	-1.589054	6.781597
4	3.156834	-14.669199
4	-0.277699	-14.137938
4	2.642857	-13.588817
2	24.079793	7.944260
3	-1.952339	-1.367125
0	-6.547033	12.295362
4	-2.185779	-18.267521
5	2.533972	9.098300
2	25.179386	13.079657
1	-4.348327	10.388016
0	-9.029309	11.350433
1	-4.716852	8.851094
5	7.332451	7.278390
4	-2.667606	-16.233918
3	-4.743241	8.857947
3	-0.467278	8.506625
0	-3.948162	10.507976
6	-4.565572	9.751689
5	5.237468	6.325607
6	-14.134121	6.423382
1	-4.621787	11.142895
0	-0.931304	9.346347
6	-9.812360	15.196231
3	3.124187	5.932719
2	19.182712	9.492446
3	-1.211713	9.645071
1	-7.236178	19.488105
1	2.551705	8.535342
2	26.008585	9.290121
1	-3.763779	19.568794
0	-8.535482	8.776677
1	-10.166755	10.774200
6	-15.065589	5.333797
6	-8.116930	15.691362
2	23.787072	11.522944
6	-5.714957	16.387651
3	-2.574138	8.630210
4	-3.359469	-10.262498
6	-6.766803	16.778074
2	27.500661	13.677158
5	5.676508	4.612672
4	-1.389134	-13.649556
5	12.503810	9.428331
4	-2.228898	-10.555157
1	-10.940889	5.330859
0	-8.020397	10.535271
6	-15.383824	13.765101
6	-12.428072	15.088393
1	-4.638670	11.913968
2	26.438206	8.440797
4	-2.760913	-17.706915
2	31.571891	8.327900
0	-4.597456	12.003516
3	4.360072	4.543198
1	-4.832943	14.310715
0	-4.695238	15.821001
2	25.810680	13.542220
4	-4.746664	-16.791046
4	-5.545660	-18.521661
4	-2.270767	-14.410544
6	-9.770605	11.393668
1	-7.128969	13.268712
6	-7.368562	11.994537
1	-1.849468	9.085073
2	27.865853	13.718125
5	0.520070	11.036363
3	7.020559	6.921097
0	-3.059973	11.668851
1	-9.103352	12.062977
4	-2.340144	-14.376167
5	4.316361	8.108798
1	-1.793325	15.042226
4	-2.305210	-15.945603
3	-0.464595	7.458783
5	2.963979	2.668506
2	24.729914	9.526313
0	-6.758564	9.643694
5	8.384475	12.927451
4	0.591692	-18.001724
1	-4.571247	12.564492
2	23.599224	12.381821
4	-5.196301	-18.140875
0	-5.413399	10.651137
3	2.696833	3.526137
5	10.892942	0.146727
0	-7.931575	11.432660
3	0.048799	12.695216
5	6.100072	10.982921
4	-1.130486	-7.966456
2	19.219726	5.164742
1	-7.401397	8.953394
0	-2.133113	8.869952
2	31.663295	13.302755
2	25.983736	14.461329
1	-9.268455	11.567530
6	-7.045649	9.064271
5	5.623305	16.659118
1	-12.154935	12.389209
2	27.137937	9.853669
2	25.216780	12.641425
1	-1.949384	7.378421
0	-10.608753	9.732921
1	-7.745828	8.644173
1	-5.800138	6.817495
6	-7.163360	12.696307
1	-8.928252	9.813974
4	1.853672	-14.148244
1	-3.381148	9.745886
3	1.847231	7.142291
6	-4.272049	12.435261
0	-6.626038	10.237909
1	-8.112156	10.278259
5	7.280428	9.217191
3	-2.068965	8.978285
1	-2.657897	8.504357
5	7.170165	4.890739
6	-13.452113	10.684222
2	24.574122	10.930022
2	24.213132	14.856908
6	-9.736195	13.580806
0	-4.044988	11.146991
6	-6.825085	9.932192
1	-7.643801	13.873596
1	-6.840428	10.019812
2	23.817287	8.607559
2	26.852188	14.468616
4	3.494941	-13.183434
0	-4.307715	9.945335
4	3.263053	-10.608541
3	2.277632	5.595250
0	-7.053337	8.203193
1	-5.180914	9.199401
3	2.350315	6.749611
6	-6.475231	6.644466
6	-14.626505	9.228321
3	1.346534	1.177218
6	-16.692218	10.186695
6	-13.026510	7.509023
1	-3.082435	6.837254
3	5.451688	0.743090
1	-4.790622	10.751558
4	-1.226140	-16.152030
